import numpy as np
test_acc = np.array([2651, 3168, 3908, 5213, 6257, 6716, 6804, 7252, 7067, 7247, 7725, 7118, 7858, 
                     7734, 7328, 7522, 8135, 7568, 8088, 8166, 8054, 7950, 7046, 7944, 8229, 8281, 
                     7870, 8297, 8351, 8372, 7719, 8220, 7604, 8167, 8397, 8298, 8476, 8021, 8204, 
                     8376, 8416, 8217, 8256, 7917, 7915, 8349, 7833, 8605, 8171, 7990, 8152, 7816, 
                     8012, 8556, 8426, 8325, 8342, 8502, 8407, 8497, 8623, 8419, 8275, 8512, 8200,
                     8433, 8463, 8395, 8398, 8228, 8014, 8429, 8407, 7983, 7458, 7812, 8412, 8123,
                     8687, 8402, 8290, 8113, 8387, 8594, 8388, 8211, 8574, 8282, 8456, 8530, 8517, 
                     8440, 8413, 7906, 8510, 8587, 8001, 8531, 7874, 7935, 7838, 8370, 8194, 8486, 
                     8118, 8554, 8477, 8241, 7825, 8490, 8553, 7988, 8364, 8257, 8473, 8228, 8407, 
                     7993, 8302, 8346, 8110, 8563, 8636, 8485, 8627, 8245, 8356, 8431, 8394, 8672, 8197, 8705, 8555, 8430, 7936, 8510, 7935, 8691, 8649, 8259, 8429, 8513, 8463, 8741, 8220, 8453, 8633, 8132, 8163, 8485, 9351, 9387, 9416, 9440, 9435, 9441, 9434, 9484, 9479, 9463, 9461, 9484, 9458, 9457, 9470, 9483, 9456, 9488, 9480, 9500, 9463, 9491, 9461, 9494, 9462, 9457, 9436, 9450, 9447, 9390, 9446, 9467, 9399, 9469, 9445, 9450, 9429, 9373, 9390, 9403, 9393, 9344, 9374, 9378, 9335, 9303, 9321, 9278, 9250, 9325, 9391, 9309, 9338, 9338, 9364, 9285, 9326, 9149, 9345, 9294, 9285, 9303, 9293, 
                     9236, 9238, 9342, 9301, 9410, 9341, 9302, 9224, 9355, 9327, 9256, 9359, 9515, 9537, 9548, 9534, 9558])
test_loss = np.array([18917, 18222, 16430, 13485, 10498, 9798, 9392, 8113, 8788, 8433, 6802, 9587, 6470, 6669, 7880, 7514, 5524, 7559, 5591, 5340, 5885, 6074, 9831, 6174, 5339, 5234, 6716, 5115, 4891, 4844, 7392, 5345, 7803, 5677, 4684, 5136, 4533, 6201, 5443, 4914, 4729, 5529, 5442, 6637, 6579, 5147, 6708, 4217, 5786, 6447, 5788, 7005, 5990, 4399, 4811, 5086, 4996, 4550, 4837, 4679, 4107, 5019, 5158, 4491, 5573, 4796, 4514, 5080, 5012, 5549, 6135, 4738, 4940, 6269, 8585, 7455, 4983, 6018, 4011, 5008, 5419, 5629, 4845, 4105, 5123, 5655, 4233, 5162, 4575, 4470, 4380, 5010, 5187, 6801, 4436, 4172, 6675, 4417, 6899, 6928, 7137, 5172, 5471, 4529, 5949, 4655, 4751, 5255, 6928, 4463, 4449, 6522, 5031, 5324, 4593, 5797, 4764, 6543, 5557, 5170, 6143, 4444, 3917, 4477, 4220, 5730, 5308, 4881, 4882, 4085, 5715, 3957, 4290, 4798, 6633, 4552, 6532, 3957, 4145, 5260, 4748, 4620, 4685, 3757, 5728, 4607, 4167, 5825, 5580, 4711, 1876, 1790, 1747, 1657, 1706, 1735, 1720, 1660, 1663, 1726, 1759, 1728, 1783, 1750, 1827, 1747, 1812, 1750, 1781, 1752, 1739, 1789, 1774, 1745, 1856, 1886, 1924, 1850, 1922, 1968, 1896, 1746, 2102, 1843, 1840, 1909, 1868, 2020, 2035, 2092, 2132, 2163, 2073, 2026, 2150, 2448, 2296, 2381, 2593, 2194, 1996, 2353, 2192, 2253, 2236, 2437, 2351, 3052, 2120, 2370, 2370, 2419, 2429, 2493, 2532, 2279, 2295, 2052, 2249, 2416, 2785, 2182, 2312, 2619, 2153, 1593, 1545, 1517, 1518, 1495,])

train_acc = np.array([1830, 1961, 3667, 4985, 5974, 6710, 7120, 7430, 7642, 7796, 7957, 8057, 8172, 8270, 8339, 8407, 8421, 8496, 8526, 8553, 8596, 8623, 8632, 8645, 8669, 8707, 8718, 8730, 8757, 8744, 8776, 8784, 8797, 8787, 8824, 8844, 8830, 8840, 8836, 8839, 8855, 8864, 8879, 8899, 8890, 8862, 8896, 8899, 8931, 8897, 8914, 8925, 8964, 8916, 8950, 8932, 8957, 8920, 8960, 8961, 8957, 8940, 8963, 8991, 8962, 8963, 8972, 8969, 8972, 8980, 8971, 8985, 8995, 8975, 8993, 8982, 9007, 9018, 9006, 8985, 8999, 9006, 9011, 8999, 8980, 9018, 9019, 9008, 9004, 9011, 9029, 9003, 9009, 9019, 9007, 9034, 9035, 9007, 9030, 9039, 9021, 9006, 9041, 9018, 9010, 9022, 9029, 9006, 9043, 9026, 9047, 9030, 9042, 9011, 9034, 9043, 9035, 9041, 9035, 9043, 9029, 9044, 9045, 9050, 9032, 9050, 9033, 9058, 9047, 9051, 9056, 9030, 9023, 9036, 9059, 9033, 9070, 9044, 9073, 9027, 9063, 9043, 9060, 9033, 9050, 9037, 9052, 9050, 9042, 9046, 9562, 9722, 9781, 9804, 9847, 9867, 9894, 9907, 9918, 9935, 9944, 9950, 9955, 9964, 9968, 9967, 9969, 9971, 9970, 9975, 9972, 9978, 9981, 9977, 9974, 9975, 9974, 9974, 9973, 9967, 9963, 9970, 9975, 9976, 9980, 9951, 9964, 9956, 9942, 9957, 9960, 9936, 9924, 9942, 9926, 9933, 9923, 9889, 9892, 9900, 9914, 9909, 9916, 9939, 9942, 9922, 9942, 9921, 9928, 9903, 9910, 9920, 9905, 9923, 9901, 9897, 9909, 9926, 9941, 9909, 9932, 9922, 9936, 9914, 9940, 9982, 9993, 9996, 9997, 9997])

train_loss = np.array([26469, 26280, 16836, 13754, 11214, 9346, 8203, 7407, 6788, 6276, 5891, 5557, 5265, 5000, 4796, 4626, 4539, 4338, 4266, 4161, 4090, 3999, 3938, 3936, 3846, 3765, 3722, 3687, 3579, 3629, 3560, 3554, 3494, 3511, 3423, 3391, 3406, 3374, 3375, 3334, 3285, 3265, 3248, 3212, 3240, 3297, 3192, 3196, 3114, 3183, 3133, 3131, 3074, 3116, 3071, 3106, 3002, 3108, 3035, 3015, 3000, 3077, 3006, 2954, 3018, 3014, 2968, 2967, 2960, 2953, 2970, 2976, 2938, 2990, 2908, 2925, 2936, 2896, 2877, 2932, 2956, 2883, 2873, 2914, 2947, 2859, 2846, 2864, 2899, 2877, 2843, 2889, 2863, 2864, 2866, 2850, 2814, 2867, 2841, 2828, 2821, 2893, 2808, 2833, 2853, 2842, 2804, 2860, 2777, 2827, 2777, 2811, 2815, 2848, 2822, 2791, 2793, 2776, 2810, 2801, 2810, 2808, 2775, 2751, 2823, 2770, 2794, 2761, 2764, 2767, 2735, 2784, 2823, 2799, 2749, 2811, 2695, 2797, 2701, 2819, 2755, 2817, 2732, 2787, 2739, 2796, 2736, 2777, 2771, 2749, 1363, 910, 732, 658, 543, 480, 407, 370, 340, 292, 267, 241, 224, 204, 191, 188, 176, 160, 165, 153, 165, 146, 135, 144, 146, 160, 151, 156, 151, 179, 182, 169, 152, 142, 134, 220, 184, 212, 252, 214, 201, 256, 303, 254, 286, 277, 305, 389, 386, 364, 334, 339, 319, 252, 249, 300, 246, 290, 280, 345, 329, 303, 346, 298, 345, 368, 330, 287, 246, 328, 278, 292, 250, 324, 251, 110, 65, 50, 44, 39])


